Results for M1_svm.pkl...
Best parameters: {'C': 10, 'gamma': 0.001, 'kernel': 'rbf', 'probability': True}
Accuracy: 0.49271137026239065
              precision    recall  f1-score   support

           0       0.64      0.65      0.64        43
           1       0.50      0.45      0.47        71
           2       0.40      0.44      0.42        52
           3       0.45      0.75      0.57        72
           4       0.55      0.38      0.45        29
           5       0.52      0.38      0.44        77
           6       0.51      0.59      0.55       117
           7       0.31      0.29      0.30        38
           8       0.54      0.43      0.48        58
           9       0.49      0.32      0.39        74
          10       0.52      0.58      0.55        55

    accuracy                           0.49       686
   macro avg       0.49      0.48      0.48       686
weighted avg       0.50      0.49      0.49       686

[[28  0  3  0  0  3  0  0  2  6  1]
 [ 2 32  7  3  0  1 18  0  4  2  2]
 [ 2  8 23  2  0  1  5  5  4  1  1]
 [ 1  0  1 54  0  9  1  0  1  3  2]
 [ 0  2  2  4 11  3  6  0  1  0  0]
 [ 2  2  2 33  1 29  5  1  0  0  2]
 [ 1  7  6  7  6  5 69  3  3  3  7]
 [ 1  3  2  4  0  0  7 11  2  5  3]
 [ 2  1  4  0  1  1  9  5 25  3  7]
 [ 4  8  3  7  1  1  9  9  4 24  4]
 [ 1  1  4  5  0  3  5  2  0  2 32]]
AUC ROC score: 0.8621139086786171
Results for M2_svm.pkl...
Best parameters: {'C': 0.1, 'gamma': 1, 'kernel': 'poly', 'probability': True}
Accuracy: 0.5495626822157434
              precision    recall  f1-score   support

           0       0.58      0.70      0.63        43
           1       0.47      0.39      0.43        71
           2       0.48      0.40      0.44        52
           3       0.46      0.75      0.57        72
           4       0.41      0.52      0.45        29
           5       0.67      0.75      0.71        77
           6       0.63      0.57      0.60       117
           7       0.18      0.21      0.19        38
           8       0.56      0.38      0.45        58
           9       0.83      0.68      0.75        74
          10       0.59      0.44      0.50        55

    accuracy                           0.55       686
   macro avg       0.53      0.53      0.52       686
weighted avg       0.56      0.55      0.55       686

[[30  1  0  2  3  0  2  4  0  0  1]
 [ 6 28  7  7  0  1 15  3  2  0  2]
 [ 1  6 21  4  2  3  5  4  2  2  2]
 [ 1  3  0 54  0  4  4  3  2  0  1]
 [ 3  0  0  6 15  1  1  1  1  0  1]
 [ 1  0  1 10  0 58  1  2  2  1  1]
 [ 5 11  3 10 11  2 67  0  2  0  6]
 [ 1  3  2  9  0  8  2  8  3  2  0]
 [ 3  2  3  6  2  3  5  6 22  4  2]
 [ 0  2  2  3  2  5  0  6  3 50  1]
 [ 1  3  5  6  2  1  4  8  0  1 24]]
AUC ROC score: 0.8459120798468723
Results for M3_svm.pkl...
Best parameters: {'C': 10, 'gamma': 0.001, 'kernel': 'rbf', 'probability': True}
Accuracy: 0.5889212827988338
              precision    recall  f1-score   support

           0       0.73      0.77      0.75        43
           1       0.51      0.49      0.50        71
           2       0.44      0.44      0.44        52
           3       0.55      0.82      0.66        72
           4       0.85      0.38      0.52        29
           5       0.85      0.66      0.74        77
           6       0.61      0.73      0.66       117
           7       0.24      0.18      0.21        38
           8       0.53      0.47      0.50        58
           9       0.83      0.59      0.69        74
          10       0.43      0.53      0.48        55

    accuracy                           0.59       686
   macro avg       0.60      0.55      0.56       686
weighted avg       0.61      0.59      0.59       686

[[33  0  2  1  1  0  2  1  0  3  0]
 [ 1 35  4  3  0  0 18  1  6  0  3]
 [ 0 11 23  3  0  0  4  3  3  0  5]
 [ 0  1  0 59  0  1  6  0  2  0  3]
 [ 0  0  1  7 11  2  6  1  0  0  1]
 [ 1  0  0 18  0 51  2  3  0  0  2]
 [ 1  6  6  8  0  1 85  3  0  1  6]
 [ 1  4  3  2  0  2  3  7  5  4  7]
 [ 6  5  4  1  1  0  6  2 27  0  6]
 [ 1  3  5  2  0  2  3  3  6 44  5]
 [ 1  3  4  4  0  1  5  5  2  1 29]]
AUC ROC score: 0.8999414228086121
Results for M4_svm.pkl...
Best parameters: {'C': 100, 'gamma': 0.001, 'kernel': 'rbf', 'probability': True}
Accuracy: 0.6559766763848397
              precision    recall  f1-score   support

           0       0.86      0.86      0.86        43
           1       0.43      0.39      0.41        71
           2       0.56      0.54      0.55        52
           3       0.70      0.88      0.78        72
           4       0.69      0.69      0.69        29
           5       0.90      0.81      0.85        77
           6       0.72      0.69      0.71       117
           7       0.33      0.37      0.35        38
           8       0.60      0.57      0.58        58
           9       0.79      0.66      0.72        74
          10       0.51      0.64      0.56        55

    accuracy                           0.66       686
   macro avg       0.64      0.64      0.64       686
weighted avg       0.66      0.66      0.66       686

[[37  0  1  1  2  0  0  0  1  0  1]
 [ 0 28  9  4  2  1 16  4  2  1  4]
 [ 0 14 28  1  0  0  0  1  3  2  3]
 [ 0  1  1 63  0  4  0  0  1  2  0]
 [ 0  0  1  5 20  0  1  2  0  0  0]
 [ 2  0  0  8  3 62  1  0  0  1  0]
 [ 1  7  3  5  0  0 81  5  5  1  9]
 [ 0  5  0  0  1  0  3 14  5  4  6]
 [ 1  4  0  0  1  1  5  3 33  1  9]
 [ 1  4  5  1  0  1  2  5  4 49  2]
 [ 1  2  2  2  0  0  3  8  1  1 35]]
AUC ROC score: 0.9347909210925238
