Results for M1_nb.pkl...
Best parameters: {'var_smoothing': 0.0001}
Accuracy: 0.30903790087463556
              precision    recall  f1-score   support

           0       0.45      0.44      0.45        43
           1       0.56      0.25      0.35        71
           2       0.29      0.21      0.24        52
           3       0.34      0.71      0.46        72
           4       0.23      0.24      0.23        29
           5       0.20      0.23      0.22        77
           6       0.33      0.38      0.35       117
           7       0.18      0.13      0.15        38
           8       0.31      0.40      0.35        58
           9       0.19      0.11      0.14        74
          10       0.35      0.13      0.19        55

    accuracy                           0.31       686
   macro avg       0.31      0.29      0.28       686
weighted avg       0.32      0.31      0.29       686

[[19  0  2  7  3  6  2  0  1  3  0]
 [ 0 18  8  4  2  6 17  3 10  2  1]
 [ 3  4 11  1  3  4  8  2 11  3  2]
 [ 2  0  0 51  1  8  7  0  0  2  1]
 [ 0  0  1 11  7  4  3  0  2  1  0]
 [ 6  0  0 42  2 18  8  0  0  1  0]
 [ 1  6  8 20  6 17 45  1  6  5  2]
 [ 1  1  1  1  1  3  9  5  6  7  3]
 [ 3  2  2  0  3  5 12  1 23  6  1]
 [ 3  1  4 13  2  9 15  8  8  8  3]
 [ 4  0  1  0  1  9 12  8  8  5  7]]
AUC ROC score: 0.7516748927246583
Results for M2_nb.pkl...
Best parameters: {'var_smoothing': 1e-11}
Accuracy: 0.34402332361516036
              precision    recall  f1-score   support

           0       0.36      0.51      0.42        43
           1       0.50      0.27      0.35        71
           2       0.27      0.21      0.24        52
           3       0.41      0.71      0.52        72
           4       0.25      0.34      0.29        29
           5       0.21      0.27      0.24        77
           6       0.41      0.38      0.39       117
           7       0.15      0.11      0.12        38
           8       0.32      0.43      0.37        58
           9       0.35      0.24      0.29        74
          10       0.46      0.20      0.28        55

    accuracy                           0.34       686
   macro avg       0.34      0.33      0.32       686
weighted avg       0.35      0.34      0.33       686

[[22  0  3  5  3  6  2  0  0  2  0]
 [ 0 19  8  3  4  6 14  3 10  2  2]
 [ 4  6 11  1  1  5  6  2 12  3  1]
 [ 3  0  0 51  3  5  9  0  0  1  0]
 [ 2  0  1  6 10  5  2  0  2  1  0]
 [ 6  0  0 38  6 21  5  0  0  1  0]
 [ 2  6 12 11  6 24 44  1  5  4  2]
 [ 3  3  1  1  0  2  5  4  8  8  3]
 [ 6  1  1  0  2  3  9  2 25  8  1]
 [ 8  3  2  7  4 13  2  7  6 18  4]
 [ 5  0  2  0  1  8  9  7  9  3 11]]
AUC ROC score: 0.7719840111570373
Results for M3_nb.pkl...
Best parameters: {'var_smoothing': 0.01}
Accuracy: 0.34402332361516036
              precision    recall  f1-score   support

           0       0.37      0.51      0.43        43
           1       0.50      0.25      0.34        71
           2       0.28      0.21      0.24        52
           3       0.40      0.74      0.52        72
           4       0.24      0.34      0.29        29
           5       0.22      0.27      0.25        77
           6       0.40      0.37      0.38       117
           7       0.15      0.11      0.12        38
           8       0.32      0.43      0.37        58
           9       0.35      0.24      0.29        74
          10       0.44      0.20      0.28        55

    accuracy                           0.34       686
   macro avg       0.34      0.33      0.32       686
weighted avg       0.35      0.34      0.33       686

[[22  0  3  5  3  6  2  0  0  2  0]
 [ 0 18  8  3  2  8 16  3 10  1  2]
 [ 3  6 11  1  2  5  6  2 12  3  1]
 [ 3  0  0 53  3  4  8  0  0  1  0]
 [ 2  0  1  8 10  3  2  0  2  1  0]
 [ 6  0  0 38  6 21  5  0  0  1  0]
 [ 1  5 11 15  7 21 43  1  5  5  3]
 [ 3  3  1  1  1  2  4  4  8  8  3]
 [ 6  1  1  0  2  3  9  2 25  8  1]
 [ 8  3  2  7  4 13  2  7  6 18  4]
 [ 5  0  1  0  1  8 10  7  9  3 11]]
AUC ROC score: 0.7702483618254239
Results for M4_nb.pkl...
Best parameters: {'var_smoothing': 1e-11}
Accuracy: 0.4198250728862974
              precision    recall  f1-score   support

           0       0.65      0.56      0.60        43
           1       0.51      0.28      0.36        71
           2       0.51      0.52      0.51        52
           3       0.43      0.71      0.54        72
           4       0.48      0.52      0.50        29
           5       0.22      0.30      0.25        77
           6       0.40      0.48      0.44       117
           7       0.30      0.42      0.35        38
           8       0.42      0.47      0.44        58
           9       0.56      0.24      0.34        74
          10       0.69      0.20      0.31        55

    accuracy                           0.42       686
   macro avg       0.47      0.43      0.42       686
weighted avg       0.46      0.42      0.41       686

[[24  0  2  5  3  5  2  0  0  2  0]
 [ 0 20  9  3  1  6 17  5  9  0  1]
 [ 0  2 27  1  0  5  7  1  9  0  0]
 [ 3  0  0 51  2  9  3  0  0  4  0]
 [ 1  1  0  6 15  3  1  0  0  2  0]
 [ 4  1  0 36  7 23  6  0  0  0  0]
 [ 0  6  7 11  1 23 56  7  5  0  1]
 [ 0  2  2  1  0  2 10 16  5  0  0]
 [ 1  0  3  0  0  3 15  8 27  1  0]
 [ 4  5  2  4  2 19  7  6  4 18  3]
 [ 0  2  1  0  0  6 15 10  5  5 11]]
AUC ROC score: 0.825675152251803
