Results for M1_dt.pkl...
Best parameters: {'criterion': 'entropy', 'max_depth': 200, 'max_features': None, 'min_samples_leaf': 2, 'min_samples_split': 10}
Accuracy: 0.30029154518950435
              precision    recall  f1-score   support

           0       0.46      0.44      0.45        43
           1       0.27      0.25      0.26        71
           2       0.20      0.25      0.22        52
           3       0.40      0.51      0.45        72
           4       0.09      0.07      0.08        29
           5       0.29      0.30      0.30        77
           6       0.35      0.36      0.35       117
           7       0.12      0.16      0.14        38
           8       0.36      0.36      0.36        58
           9       0.22      0.15      0.18        74
          10       0.33      0.25      0.29        55

    accuracy                           0.30       686
   macro avg       0.28      0.28      0.28       686
weighted avg       0.30      0.30      0.30       686

[[19  1  4  1  0  1  3 10  1  2  1]
 [ 1 18  5  3  2  3 22  0  9  5  3]
 [ 1  4 13  1  3  4  7  6  7  4  2]
 [ 0  6  1 37  0 15  5  2  0  3  3]
 [ 0  3  0  6  2  4  9  0  3  1  1]
 [ 0  5  5 24  1 23  6  5  3  1  4]
 [ 3 15 17  9  4  9 42  5  3  6  4]
 [ 2  4  1  1  2  5  4  6  1  8  4]
 [ 3  3  5  0  2  2 12  5 21  4  1]
 [11  4  9  6  5  7  5  4  6 11  6]
 [ 1  3  5  4  2  5  6  5  4  6 14]]
AUC ROC score: 0.6465009186049054
Results for M2_dt.pkl...
Best parameters: {'criterion': 'entropy', 'max_depth': 30, 'max_features': None, 'min_samples_leaf': 5, 'min_samples_split': 2}
Accuracy: 0.4198250728862974
              precision    recall  f1-score   support

           0       0.45      0.47      0.46        43
           1       0.34      0.32      0.33        71
           2       0.32      0.37      0.34        52
           3       0.49      0.58      0.54        72
           4       0.17      0.17      0.17        29
           5       0.51      0.45      0.48        77
           6       0.53      0.49      0.51       117
           7       0.14      0.13      0.14        38
           8       0.31      0.29      0.30        58
           9       0.64      0.58      0.61        74
          10       0.32      0.40      0.36        55

    accuracy                           0.42       686
   macro avg       0.39      0.39      0.39       686
weighted avg       0.42      0.42      0.42       686

[[20  0  5  4  4  1  1  2  4  1  1]
 [ 1 23  3  2  3  2 19  4  8  1  5]
 [ 1  4 19  5  0  2  1  4 10  1  5]
 [ 1  7  0 42  6  4  8  1  0  1  2]
 [ 3  5  3  3  5  3  3  1  0  1  2]
 [ 1  1  1 17  1 35  0  6  1  7  7]
 [ 8 12  7  6  6  5 57  1  4  0 11]
 [ 1  2  6  0  1  6  5  5  4  5  3]
 [ 1  4 11  1  2  2  3  6 17  4  7]
 [ 5  4  3  3  1  4  3  1  4 43  3]
 [ 2  6  2  2  0  4  7  5  2  3 22]]
AUC ROC score: 0.7118592408747023
Results for M3_dt.pkl...
Best parameters: {'criterion': 'entropy', 'max_depth': 30, 'max_features': None, 'min_samples_leaf': 5, 'min_samples_split': 2}
Accuracy: 0.4271137026239067
              precision    recall  f1-score   support

           0       0.42      0.44      0.43        43
           1       0.29      0.28      0.29        71
           2       0.30      0.37      0.33        52
           3       0.50      0.58      0.54        72
           4       0.22      0.17      0.19        29
           5       0.55      0.47      0.50        77
           6       0.55      0.55      0.55       117
           7       0.11      0.11      0.11        38
           8       0.36      0.33      0.34        58
           9       0.65      0.57      0.60        74
          10       0.34      0.42      0.38        55

    accuracy                           0.43       686
   macro avg       0.39      0.39      0.39       686
weighted avg       0.43      0.43      0.43       686

[[19  0  5  4  4  1  1  3  4  1  1]
 [ 1 20  3  2  3  2 21  5  7  1  6]
 [ 1  5 19  4  0  2  1  4  9  1  6]
 [ 1  7  0 42  5  4  9  2  0  1  1]
 [ 2  5  3  3  5  3  4  1  0  1  2]
 [ 1  1  2 16  1 36  0  6  1  6  7]
 [11 13  7  6  1  4 64  0  3  1  7]
 [ 1  4  6  1  1  5  5  4  3  4  4]
 [ 1  4 12  1  2  2  2  5 19  4  6]
 [ 5  3  4  3  1  3  3  1  5 42  4]
 [ 2  6  2  2  0  4  7  4  2  3 23]]
AUC ROC score: 0.7119106574352142
Results for M4_dt.pkl...
Best parameters: {'criterion': 'entropy', 'max_depth': 30, 'max_features': None, 'min_samples_leaf': 3, 'min_samples_split': 2}
Accuracy: 0.4518950437317784
              precision    recall  f1-score   support

           0       0.45      0.60      0.51        43
           1       0.31      0.34      0.32        71
           2       0.32      0.31      0.31        52
           3       0.49      0.61      0.55        72
           4       0.25      0.17      0.20        29
           5       0.53      0.51      0.52        77
           6       0.54      0.52      0.53       117
           7       0.21      0.21      0.21        38
           8       0.42      0.36      0.39        58
           9       0.65      0.58      0.61        74
          10       0.46      0.42      0.44        55

    accuracy                           0.45       686
   macro avg       0.42      0.42      0.42       686
weighted avg       0.45      0.45      0.45       686

[[26  0  2  5  1  1  1  1  4  0  2]
 [ 2 24  6  4  3  2 15  7  4  1  3]
 [ 1  8 16  4  0  5  6  4  4  4  0]
 [ 6  3  2 44  4 10  1  0  0  1  1]
 [ 4  2  3  6  5  2  4  1  0  0  2]
 [ 5  1  2 17  1 39  3  0  1  8  0]
 [ 3 22  6  3  2  1 61  5  3  1 10]
 [ 1  4  0  0  0  3  6  8  8  5  3]
 [ 3  6  4  2  1  1  8  6 21  2  4]
 [ 4  3  6  3  1  6  2  3  1 43  2]
 [ 3  4  3  1  2  4  7  3  4  1 23]]
AUC ROC score: 0.7132760745829757
